25b9c0ed-38df-4a40-8330-39a54fcfbcc3foobar